time,start,highest,lowest,end,vol,MA.MA1,MA.MA2,MA.MA3,MA.MA4,MA.MA5,MA.MA6,KDJ.K,KDJ.D,KDJ.J,MACD.DIF,MACD.DEA,MACD.MACD,
2015/03/27,101870,102710,100650,101080,28860,,,,,,,20.87,20.87,20.87,0,0,0
2015/03/30,99010,100000,96820,98430,66684,,,,,,,23.03,21.59,25.9,-211.4,-42.28,-338.24
2015/03/31,98000,98200,93840,95040,105600,,,,,,,19.86,21.01,17.55,-645.04,-162.83,-964.42
2015/04/01,93940,94130,91270,92500,158952,,,,,,,16.82,19.62,11.24,-1180.05,-366.28,-1627.56
2015/04/02,92870,96600,92550,96160,202848,96642,,,,,,25.46,21.57,33.26,-1293.82,-551.79,-1484.07
2015/04/03,96000,97800,95660,97300,150282,95886,,,,,,34.55,25.89,51.85,-1277.26,-696.88,-1160.76
2015/04/07,97500,97980,95950,96420,75688,95484,,,,,,38.04,29.94,54.23,-1319.94,-821.49,-996.89
2015/04/08,94500,95630,93300,93950,183088,95266,,,,,,33.17,31.02,37.47,-1535.37,-964.27,-1142.2
2015/04/09,94450,95260,93880,94300,160974,95626,,,,,,30.94,30.99,30.84,-1658.73,-1103.16,-1111.15
2015/04/10,94500,94970,93180,94540,137722,95302,95972,,,,,33.11,31.7,35.94,-1717.34,-1226,-982.68
2015/04/13,94280,95670,93700,95230,180214,94888,95387,,,,,41.12,34.84,53.69,-1688.63,-1318.52,-740.22
2015/04/14,94780,95070,92810,93100,199150,94224,94854,,,,,36.51,35.39,38.73,-1816.82,-1418.18,-797.28
2015/04/15,92700,95000,92640,94730,220106,94380,94823,,,,,37.72,36.17,40.82,-1766.52,-1487.85,-557.33
2015/04/16,94610,95900,94260,95400,195920,94600,95113,,,,,42.37,38.24,50.65,-1653.52,-1520.98,-265.08
2015/04/17,96280,96660,95010,95850,168702,94862,95082,,,,,48.29,41.59,61.69,-1510.26,-1518.84,17.16
2015/04/20,95980,96550,95200,95410,148104,94898,94893,,,,,55.16,46.11,73.26,-1415.91,-1498.25,164.69
2015/04/21,95330,96800,94900,95880,140930,95454,94839,,,,,62.73,51.65,84.9,-1288.35,-1456.27,335.84
2015/04/22,95910,96720,95750,96330,123902,95774,95077,,,,,71.39,58.23,97.71,-1137.84,-1392.58,509.5
2015/04/23,96120,96500,95600,95860,101066,95866,95233,,,,,73.4,63.29,93.61,-1044.44,-1322.96,557.04
2015/04/24,95840,97900,95700,97830,118180,96262,95562,95767,,,,81.82,69.46,106.53,-802.2,-1218.8,833.2
2015/04/27,98000,101490,97990,101490,241904,97478,96188,95787.5,,,,87.88,75.6,112.43,-311.32,-1037.31,1451.98
2015/04/28,102490,104530,101420,102650,285722,98832,97143,95998.5,,,,85.82,79.01,99.44,169.36,-795.97,1930.67
2015/04/29,102350,104400,100500,101020,317634,99770,97772,96297.5,,,,78.4,78.8,77.58,414,-553.98,1935.96
2015/04/30,101190,106980,101160,106010,552750,101800,98833,96973,,,,82.92,80.18,88.41,999.02,-243.38,2484.79
2015/05/04,106010,108900,105450,107580,278844,103750,100006,97544,,,,85.47,81.94,92.53,1571.23,119.54,2903.37
2015/05/05,107850,109230,106160,107960,518266,105044,101261,98077,,,,87.21,83.7,94.23,2031.95,502.02,3059.85
2015/05/06,110000,113380,109690,113380,609024,107190,103011,98925,,,,91.47,86.29,101.84,2802.11,962.04,3680.14
2015/05/07,114580,115300,111050,112500,969052,109486,104628,99852.5,,,,89.55,87.38,93.91,3303.38,1430.31,3746.15
2015/05/08,113700,114100,110000,112300,878416,110744,106272,100752.5,,,,87.26,87.34,87.1,3642.52,1872.75,3539.54
2015/05/11,111810,114430,111060,113880,728054,112004,107877,101719.5,,,,88.31,87.66,89.6,3992.76,2296.75,3392.01
2015/05/12,113300,115060,111270,111600,871696,112732,108888,102538,,,,83.87,86.4,78.82,4039.78,2645.36,2788.85
2015/05/13,112280,113650,110780,111750,752614,112406,109798,103470.5,,,,80.88,84.56,73.52,4042.55,2924.8,2235.5
2015/05/14,112100,112100,107060,109400,760542,111786,110636,104204,,,,67.29,78.8,44.26,3811.19,3102.07,1418.23
2015/05/15,108980,110960,108540,110210,609290,111368,111056,104944.5,,,,59.63,72.41,34.06,3651.1,3211.88,878.44
2015/05/18,109390,109690,108200,108610,544094,110314,111159,105582.5,,,,46.02,63.61,10.84,3356.43,3240.79,231.28
2015/05/19,108300,108890,106160,106430,467078,109280,111006,106133.5,,,,31.67,52.96,-10.93,2913.41,3175.31,-523.8
2015/05/20,105500,105990,102340,102340,318956,107398,109902,106456.5,,,,21.11,42.35,-21.36,2206.85,2981.62,-1549.54
2015/05/21,100490,102550,100170,101070,480198,105732,108759,106693.5,,,,16.09,33.59,-18.92,1526.81,2690.66,-2327.69
2015/05/22,100960,103370,96710,100070,741862,103704,107536,106904,,,,16.83,28.01,-5.52,896.85,2331.9,-2870.09
2015/05/25,98900,100580,98110,99480,610232,101878,106096,106986.5,,,,16.67,24.23,1.56,346,1934.72,-3177.44
2015/05/26,99670,101900,99660,100010,550278,100594,104937,106912.5,,,,18.26,22.24,10.31,-47.24,1538.33,-3171.14
2015/05/27,99990,101180,99200,100670,406048,100260,103829,106813.5,,,,21.44,21.97,20.37,-302.15,1170.23,-2944.76
2015/05/28,97780,100100,97740,99470,211690,99940,102836,106736,,,,21.38,21.77,20.59,-594.14,817.36,-2823
2015/06/01,97500,97800,96360,96810,171826,99288,101496,106276,,,,15.45,19.67,7.02,-1028.34,448.22,-2953.11
2015/06/02,97190,100500,97020,100280,428588,99448,100663,105911,,,,23.87,21.07,29.47,-1079.98,142.58,-2445.12
2015/06/03,100380,101100,99040,99060,409252,99258,99926,105466,,,,28.75,23.63,39,-1205.46,-127.03,-2156.86
2015/06/04,99200,99940,97690,98530,373158,98830,99545,104723.5,,,,29.49,25.58,37.3,-1332.32,-368.09,-1928.46
2015/06/05,98650,99480,98060,98390,349670,98614,99277,104018,,,,31.87,27.68,40.26,-1427.7,-580.01,-1695.37
2015/06/08,98750,100600,98330,100570,493720,99366,99327,103431.5,,,,46.58,33.98,71.78,-1312.24,-726.46,-1171.57
2015/06/09,100850,102180,100660,100910,602556,99492,99470,102783,,,,57.11,41.69,87.96,-1179.71,-817.11,-725.21
2015/06/10,101360,101770,100570,101330,398440,99946,99602,102269.5,,,,66.54,49.97,99.67,-1028.93,-859.47,-338.92
2015/06/11,101850,102200,101300,101500,323762,100540,99685,101757,,,,73.7,57.88,105.33,-885.51,-864.68,-41.66
2015/06/12,101600,101640,97800,98070,485268,100476,99545,101190.5,,,,55.89,57.22,53.23,-1036.66,-899.08,-275.18
2015/06/15,98400,98880,97400,97580,314750,99878,99622,100559,,,,38.51,50.98,13.57,-1182.37,-955.73,-453.27
2015/06/16,97400,98050,95340,95700,386062,98836,99164,99913.5,,,,27.42,43.13,-3.99,-1433.02,-1051.19,-763.66
2015/06/17,96000,96360,94700,95280,399972,97626,98786,99356,,,,20.86,35.71,-8.83,-1646.58,-1170.27,-952.62
2015/06/18,96300,96810,95830,96300,327414,96586,98563,99054,,,,21.02,30.81,1.43,-1713.77,-1278.97,-869.59
2015/06/19,96020,96180,94440,94610,314640,95894,98185,98731,,,,14.74,25.45,-6.68,-1881.69,-1399.51,-964.35
2015/06/23,94280,95330,94100,95050,157974,95388,97633,98480,,,,13.74,21.55,-1.88,-1956.71,-1510.95,-891.52
2015/06/24,95510,96700,95350,96390,335618,95526,97181,98325.5,100359.66,,,18.58,20.56,14.63,-1886.29,-1586.02,-600.54
2015/06/25,96010,96220,94800,94850,333244,95440,96533,98067.5,100255.84,,,15.7,18.94,9.23,-1932.47,-1655.31,-554.32
2015/06/26,94760,95170,93020,93850,506474,94950,95768,97726.5,100179.5,,,15.19,17.69,10.19,-2026.4,-1729.53,-593.74
2015/06/29,93650,93680,89510,90360,618386,94100,94997,97271,100101.5,,,13.44,16.28,7.78,-2355.3,-1854.68,-1001.24
2015/06/30,88880,89410,87330,87330,479454,92556,93972,96797,100015.34,,,8.96,13.84,-0.79,-2827.87,-2049.32,-1557.1
2015/07/01,87330,89980,86680,88360,711488,90950,93238,96201,99885.34,,,11.5,13.06,8.39,-3083.71,-2256.2,-1655.03
2015/07/02,88000,89880,87570,89450,651868,89870,92655,95720.5,99754.5,,,16.88,14.33,21.98,-3162.06,-2437.37,-1449.38
2015/07/03,89850,90670,88080,89240,530356,88948,91949,95256,99634.84,,,19.77,16.15,27.02,-3204.17,-2590.73,-1226.88
2015/07/06,89100,89340,85260,85530,497774,87982,91041,94613,99494.5,,,13.97,15.42,11.06,-3496.6,-2771.91,-1449.39
2015/07/07,85750,87360,84050,84220,563222,87360,89958,93795.5,99326.5,,,9.78,13.54,2.25,-3790.37,-2975.6,-1629.54
2015/07/08,82400,82400,81630,81630,25018,86014,88482,92831.5,99111.34,,,6.52,11.2,-2.84,-4183.94,-3217.27,-1933.34
2015/07/09,75230,86050,75230,83600,1040716,84844,87357,91945,98917.5,,,19.47,13.96,30.49,-4287.46,-3431.3,-1712.31
2015/07/10,84100,85170,82950,84570,552370,83910,86429,91098.5,98775.34,,,33.14,20.35,58.73,-4242.33,-3593.51,-1297.64
2015/07/13,84040,84170,80600,82250,771510,83254,85618,90307.5,98567.34,,,37.25,25.98,59.78,-4343.7,-3743.55,-1200.3
2015/07/14,84510,85800,83680,84500,831348,83310,85335,89653.5,98385.66,,,44.85,32.27,70,-4194.13,-3833.66,-720.93
2015/07/15,84880,87120,84330,86970,859920,84378,85196,89217,98237.66,,,55.24,39.93,85.87,-3832.11,-3833.35,2.48
2015/07/16,86850,87240,83630,85430,949108,84744,84794,88724.5,98071.34,,,60.93,46.93,88.92,-3627.66,-3792.21,329.11
2015/07/17,84680,85760,84620,85600,589592,84950,84430,88189.5,97900,,,69.11,54.32,98.69,-3412.57,-3716.28,607.43
2015/07/20,84800,85660,84450,85320,574774,85564,84409,87725,97716.5,,,74.08,60.91,100.42,-3227.5,-3618.53,782.05
2015/07/21,85480,87950,85260,87870,608876,86238,84774,87366,97583.34,,,82.51,68.11,111.31,-2842.3,-3463.28,1241.96
2015/07/22,87670,87880,84530,85220,737564,85888,85133,86807.5,97373.16,,,75.96,70.73,86.43,-2719.52,-3314.53,1190.01
2015/07/23,85300,85620,83700,84410,701378,85684,85214,86285.5,97088.5,,,67.92,69.79,64.18,-2656.95,-3183.01,1052.14
2015/07/24,84190,84880,82900,83360,696550,85236,85093,85761,96767,,,48.32,62.63,19.68,-2661.4,-3078.69,834.58
2015/07/27,83290,84950,82620,82650,631090,84702,85133,85375.5,96460.84,,,32.4,52.55,-7.91,-2691.2,-3001.19,619.98
2015/07/28,81300,83420,81150,82740,594918,83676,84957,85146,96073,,,29.39,44.83,-1.49,-2676.7,-2936.29,519.2
2015/07/29,83300,84770,83110,84330,519938,83498,84693,84944.5,95685.5,,,35.18,41.62,22.32,-2507.99,-2850.63,685.28
2015/07/30,83590,84420,82500,82620,564582,83140,84412,84603,95263.16,,,30.66,37.96,16.05,-2483.64,-2777.23,587.19
2015/07/31,82000,83000,81720,81780,480272,82824,84030,84230,94736.5,,,23.53,33.15,4.28,-2503.27,-2722.44,438.34
2015/08/03,82200,83180,80160,80340,516712,82362,83532,83970.5,94200.5,,,16.46,27.59,-5.79,-2605,-2698.95,187.91
2015/08/04,80350,81220,79800,81100,441778,82034,82855,83814.5,93680.5,,,18.42,24.53,6.2,-2594.38,-2678.04,167.31
2015/08/05,81300,81800,80290,81190,319588,81406,82452,83792.5,93135.66,,,21.28,23.45,16.94,-2549.32,-2652.3,205.95
2015/08/06,81500,81640,80500,80780,329536,81038,82089,83651.5,92622,,,20.53,22.47,16.63,-2517.67,-2625.37,215.4
2015/08/07,80700,81130,79930,80700,364892,80822,81823,83458,92104.5,,,19.72,21.56,16.05,-2470.56,-2594.41,247.69
2015/08/10,80620,82490,80280,82200,337824,81194,81778,83455.5,91651.16,,,29.24,24.12,39.49,-2285.84,-2532.7,493.71
2015/08/11,82190,84300,81980,82370,514684,81448,81741,83349,91187.16,,,38.04,28.76,56.6,-2101.51,-2446.46,689.9
2015/08/12,81240,82840,80050,82690,506474,81748,81577,83135,90755.16,,,46.77,34.76,70.78,-1907.61,-2338.69,862.16
2015/08/13,82700,83500,81750,82690,349908,82130,81584,82998,90359.5,,,52.59,40.7,76.35,-1733.96,-2217.74,967.56
2015/08/14,83350,83430,82200,82300,135632,82450,81636,82833,90025.5,,,53.58,44.99,70.74,-1609.26,-2096.05,973.58
2015/08/17,82800,83200,82230,82880,132144,82586,81890,82711,89722.34,,,58.22,49.4,75.85,-1446.95,-1966.23,1038.55
2015/08/18,82880,83250,81100,81130,180354,82338,81893,82374,89406.66,,,47.97,48.92,46.05,-1442.9,-1861.56,837.33
2015/08/19,81090,81950,80620,81860,286466,82172,81960,82206,89113,,,46.7,48.18,43.73,-1365.05,-1762.26,794.42
2015/08/20,81600,81850,79800,80650,379502,81764,81947,82018,88790.34,,,37.43,44.6,23.09,-1385.02,-1686.81,603.59
2015/08/21,81550,81560,80300,80370,311620,81378,81914,81868.5,88452,,,29.17,39.46,8.61,-1407.21,-1630.89,447.36
2015/08/24,80000,80100,76800,76800,370194,80162,81374,81576,88074.16,,,19.45,32.79,-7.23,-1693.36,-1643.38,-99.95
2015/08/25,74200,76730,73050,73600,648246,78656,80497,81119,87687.34,,,14.72,26.77,-9.37,-2153.52,-1745.41,-816.21
2015/08/26,75750,76230,74200,74360,575928,77156,79664,80620.5,87255.34,,,14.02,22.52,-2.97,-2428.87,-1882.1,-1093.53
2015/08/27,74300,76200,74100,76160,472478,76258,79011,80297.5,86873.66,,,19.51,21.52,15.5,-2473.33,-2000.35,-945.96
2015/08/28,76400,78900,76360,78610,624826,75906,78642,80139,86541.66,,,31.18,24.74,44.06,-2284.54,-2057.19,-454.71
2015/08/31,78200,79300,76790,76810,674872,75908,78035,79962.5,86182,,,34.87,28.11,48.38,-2254.19,-2096.59,-315.2
2015/09/01,76460,77370,75800,75810,458718,76350,77503,79698,85769.34,,,33.7,29.97,41.15,-2284.48,-2134.17,-300.64
2015/09/02,76000,76690,75560,76510,475672,76780,76968,79464,85362.66,,,36.02,31.99,44.08,-2226.34,-2152.6,-147.49
2015/09/07,76200,77200,76190,77000,293244,76948,76603,79275,84957.16,,,42.69,35.56,56.95,-2116.34,-2145.35,58.02
2015/09/08,76870,76940,75300,76190,595808,76464,76185,79049.5,84535.34,,,45.21,38.77,58.07,-2070.65,-2130.41,119.52
2015/09/09,77090,78870,76730,77790,1253336,76660,76284,78829,84197.34,,,53.79,43.78,73.82,-1883.63,-2081.05,394.85
2015/09/10,78210,78720,77120,78710,1047802,77240,76795,78646,83882.84,,,65.41,50.99,94.26,-1642.23,-1993.29,702.11
2015/09/11,79400,80220,78750,79410,1420664,77820,77300,78482,83611.34,,,71.45,57.81,98.74,-1378.55,-1870.34,983.57
2015/09/14,79100,79900,78230,78260,1062540,78072,77510,78260.5,83327.66,,,67.69,61.1,80.86,-1248,-1745.87,995.75
2015/09/15,77480,78060,76860,76960,1094660,78226,77345,77993.5,83005.34,,,56.37,59.53,50.07,-1235.2,-1643.74,817.08
2015/09/16,77320,79380,77270,78950,1478896,78458,77559,77797,82744.34,,,62.31,60.46,66.02,-1052.34,-1525.46,946.24
2015/09/17,78800,79330,78300,78590,1678798,78434,77837,77670,82470,,,63.83,61.58,68.33,-925.8,-1405.53,959.46
2015/09/18,78110,78580,77810,77890,1444806,78130,77975,77471.5,82161.66,91260.66,,60.1,61.09,58.13,-871.95,-1298.81,853.72
2015/09/21,77200,78190,76320,78110,1442658,78100,78086,77344.5,81882.66,91069.25,,55.37,59.18,47.74,-802.27,-1199.5,794.46
2015/09/22,77790,77970,76940,77090,1253948,78126,78176,77180.5,81603.34,90891.41,,43.49,53.95,22.57,-819.91,-1123.58,607.36
2015/09/23,76780,76980,76030,76740,1147082,77684,78071,77177.5,81376.34,90738.91,,34.64,47.52,8.9,-852.3,-1069.33,434.06
2015/09/24,76940,77110,76300,76760,779346,77318,77876,77335.5,81200.16,90607.75,,29.38,41.47,5.21,-866.37,-1028.73,324.73
2015/09/25,76680,77850,76600,77100,979700,77160,77645,77472.5,81012.5,90448.91,,30.24,37.73,15.25,-840.4,-991.07,301.34
2015/09/28,77300,77800,77220,77410,384820,77020,77560,77535,80811.84,90283.16,,33.89,36.45,28.77,-785.74,-950,328.52
2015/09/29,77210,77420,75500,75540,646524,76710,77418,77381.5,80583.5,90109.16,,22.94,31.94,4.93,-883.15,-936.63,106.97
2015/09/30,76260,77110,75950,77100,479410,76782,77233,77396,80443,89968.75,,32.61,32.17,33.5,-824.95,-914.29,178.7
2015/10/08,78200,78530,77300,77450,244958,76920,77119,77478,80330.16,89828.34,,43.19,35.84,57.89,-742.03,-879.84,275.62
2015/10/09,77510,79470,77360,79450,663132,77390,77275,77625,80293.84,89702.59,,61.96,44.55,96.78,-509.06,-805.69,593.25
2015/10/12,81000,81000,79000,80310,786262,77970,77495,77790.5,80239,89578.25,,70.46,53.18,105.01,-252.13,-694.98,885.68
2015/10/13,80370,80380,78820,79620,632286,78786,77748,77962,80156.5,89465.91,,71.94,59.44,96.95,-103,-576.58,947.16
2015/10/14,79300,79880,78970,79270,676222,79220,78001,78036,80106.84,89337.09,,70.81,63.23,85.97,-12.91,-463.85,901.87
2015/10/15,79400,80700,79200,80340,875794,79798,78359,78117.5,80037.5,89211.59,,76.54,67.67,94.29,143.17,-342.44,971.23
2015/10/16,80230,80900,79900,80390,820446,79986,78688,78166.5,79927.84,89082.75,,80.66,72,97.99,267.82,-220.39,976.42
2015/10/19,80280,80650,79110,79150,675768,79754,78862,78211,79823.16,88947.25,,74.9,72.96,78.76,263.51,-123.61,774.24
2015/10/20,79150,79290,78050,78320,673374,79494,79140,78279,79701.84,88800.91,,59.12,68.35,40.66,190.91,-60.71,503.24
2015/10/21,78450,78690,77900,78130,563356,79266,79243,78238,79582,88649.25,,46.47,61.05,17.29,116.71,-25.22,283.87
2015/10/22,78100,79600,77710,78660,546592,78930,79364,78241.5,79428.5,88505.91,,40.6,54.24,13.33,99.52,-0.27,199.59
2015/10/23,78960,80010,78590,79980,669468,78848,79417,78346,79341.16,88357.16,,50.79,53.09,46.19,190.22,37.83,304.79
2015/10/26,79980,79980,78450,78590,679910,78736,79245,78370,79244.16,88166.34,,43.05,49.74,29.68,148.23,59.91,176.64
2015/10/27,78720,79280,78270,79150,535496,78902,79198,78473,79174,87970.5,,43.75,47.75,35.76,158.31,79.59,157.45
2015/10/28,79200,79580,78800,79160,562956,79108,79187,78594,79115.84,87788.34,,44.32,46.6,39.75,165.21,96.71,137
2015/10/29,79080,79900,78650,79130,599260,79202,79066,78712.5,79055.66,87564.34,,45.65,46.28,44.37,166.34,110.64,111.4
2015/10/30,79000,79350,77130,77150,743688,78636,78742,78715,78936,87310.75,,30.66,41.08,9.83,7.37,89.98,-165.23
2015/11/02,77100,77390,76460,76590,598726,78236,78486,78674,78835.5,87049.34,,21.66,34.6,-4.22,-161.93,39.6,-403.06
2015/11/03,76700,77250,76190,76330,547810,77672,78287,78713.5,78744.66,86740.59,,15.66,28.29,-9.59,-313.47,-31.01,-564.91
2015/11/04,76200,76680,75720,76510,710650,77142,78125,78684,78680.84,86440.66,,16.58,24.39,0.97,-414.27,-107.66,-613.2
2015/11/05,76190,76970,74780,74820,754986,76280,77741,78552.5,78576.16,86128.34,,11.31,20.03,-6.13,-623.33,-210.8,-825.06
2015/11/06,75800,75800,74560,74990,702012,75848,77242,78329.5,78472.84,85804.25,,10.22,16.76,-2.85,-766.46,-321.93,-889.06
2015/11/09,74800,75200,73760,73990,731148,75328,76782,78013.5,78359.66,85490.84,,8.06,13.86,-3.53,-949.64,-447.47,-1004.34
2015/11/10,74100,74220,72430,73890,741658,74840,76256,77727,78246.16,85175.34,,11.89,13.2,9.26,-1090.3,-576.04,-1028.53
2015/11/11,73450,73680,72750,72930,779414,74124,75633,77410,78091.66,84871.41,,10.34,12.25,6.51,-1264.67,-713.77,-1101.81
2015/11/12,73000,73750,72550,73290,669322,73818,75049,77057.5,77940.34,84563.75,,12.67,12.39,13.23,-1358.15,-842.64,-1031.01
2015/11/13,72700,73640,72270,72930,846614,73406,74627,76684.5,77777.66,84266.41,,12.86,12.55,13.5,-1444.63,-963.04,-963.19
2015/11/16,72830,73600,72700,73180,558036,73244,74286,76386,77619.16,83989.34,,15.03,13.38,18.34,-1475.98,-1065.63,-820.71
2015/11/17,73350,73350,70530,71240,851516,72714,73777,76032,77434.84,83730.16,,13.7,13.48,14.12,-1638.48,-1180.2,-916.57
2015/11/18,71450,71740,70110,70950,666046,72318,73221,75673,77236,83479.16,,14.05,13.67,14.81,-1770.27,-1298.21,-944.1
2015/11/19,70700,71020,69220,69770,701690,71614,72716,75228.5,77046.66,83226.66,,12.43,13.26,10.78,-1947.47,-1428.06,-1038.81
2015/11/20,69600,69790,68500,68740,860638,70776,72091,74666.5,76828,82970.5,,9.69,12.07,4.93,-2146.27,-1571.71,-1149.13
2015/11/23,69000,69200,64980,64980,837472,69136,71190,73986,76566.84,82678.59,,6.46,10.2,-1.02,-2577.52,-1772.87,-1609.3
2015/11/24,64180,65730,63310,64970,1145120,67882,70298,73277,76310.16,82381.09,,9.61,10,8.82,-2886.81,-1995.66,-1782.31
2015/11/25,64800,68250,64550,68250,1195734,67342,69830,72731.5,76167.66,82120.91,,22.34,14.12,38.8,-2834.59,-2163.44,-1342.29
2015/11/26,67900,72780,67360,70800,1870082,67548,69581,72315,76121,81904.16,,39.16,22.46,72.55,-2557.95,-2242.34,-631.2
2015/11/27,70790,72160,69010,69370,1643298,67674,69225,71926,76037.84,81646.59,,46.23,30.38,77.91,-2426.13,-2279.1,-294.06
2015/11/30,68760,69150,67680,69100,1294326,68498,68817,71551.5,75920.16,81396.91,,51.2,37.32,78.95,-2316.75,-2286.63,-60.24
2015/12/01,68900,70350,68680,68970,1226688,69298,68590,71183.5,75759.5,81150.59,,54.05,42.9,76.36,-2215.02,-2272.31,114.58
2015/12/02,69000,70940,68760,70150,855172,69678,68510,70865.5,75648.5,80915.25,,60.11,48.64,83.06,-2015.94,-2221.03,410.19
2015/12/03,69600,71130,68130,68150,1109584,69148,68348,70532,75520.84,80645.09,,57.11,51.46,68.41,-1996.53,-2176.13,359.2
2015/12/04,68290,69470,68200,68880,1059082,69050,68362,70226.5,75393.66,80378.16,,57.68,53.53,65.97,-1900.34,-2120.98,441.26
2015/12/07,70000,70830,69380,70590,775834,69348,68923,70056.5,75286.84,80122,,62.92,56.66,75.43,-1666.91,-2030.16,726.5
2015/12/08,70000,70110,67670,68170,742586,69188,69243,69770.5,75153.16,79844.25,,46.93,53.42,33.94,-1658.08,-1955.75,595.34
2015/12/09,67900,68440,66930,68170,800558,68792,69235,69532.5,74992.84,79595.09,,39.19,48.67,20.21,-1632.26,-1891.05,517.58
2015/12/10,68350,69020,67300,67490,789124,68660,68904,69242.5,74805.84,79344.34,,30.57,42.64,6.43,-1647.67,-1842.37,389.4
2015/12/11,67130,69050,66810,69030,725398,68690,68870,69047.5,74632.84,79122.09,,37.51,40.93,30.67,-1518.13,-1777.53,518.78
2015/12/14,68630,68970,67800,68750,686612,68322,68835,68826,74474.34,78901,,39.98,40.61,38.7,-1421.67,-1706.35,569.37
2015/12/15,69500,71050,69300,69670,399560,68622,68905,68747.5,74352.84,78679.09,,48.72,43.31,59.53,-1256.51,-1616.39,719.75
2015/12/16,69400,70310,69140,70250,377762,69038,68915,68712.5,74207.84,78476.09,,59.52,48.72,81.14,-1066.52,-1506.41,879.78
2015/12/17,70330,71100,69750,69820,509990,69504,69082,68715,74061.66,78265.84,,63.07,53.5,82.21,-939.82,-1393.09,906.55
2015/12/18,69800,70650,69750,70500,523508,69798,69244,68803,73938.5,78050.09,,70.72,59.24,93.67,-775.59,-1269.59,988
2015/12/21,70600,71300,70170,71130,828576,70274,69298,69110.5,73822.16,77852.41,,79.22,65.9,105.85,-587.84,-1133.24,1090.81
2015/12/22,71010,71710,70600,70840,853816,70508,69565,69404,73718,77660.66,,80.23,70.67,99.33,-457.16,-998.03,1081.74
2015/12/23,70730,70990,69750,70220,779186,70502,69770,69502.5,73609.34,77492.84,,76.68,72.68,84.69,-399.03,-878.23,958.39
2015/12/24,70180,70700,69390,69400,816902,70418,69961,69432.5,73486.66,77343.41,,64.76,70.04,54.21,-414.35,-785.45,742.2
2015/12/25,69400,69780,68970,69130,680852,70144,69971,69420.5,73353.84,77183.16,,45.12,61.73,11.9,-443.17,-717,547.65
2015/12/28,69280,69470,68000,68050,623030,69528,69901,69368,73197.84,77004.84,,30.53,51.33,-11.07,-546.86,-682.97,272.22
2015/12/29,68030,69390,67900,69310,651506,69222,69865,69385,73094,76838.75,,32.69,45.12,7.83,-521.34,-650.64,258.6
2015/12/30,69030,70690,69020,70070,1002108,69192,69847,69381,72976.84,76709.91,,40.78,43.67,34.99,-434.79,-607.47,345.37
2015/12/31,70100,70960,69880,70630,838374,69438,69928,69505,72863.16,76596.66,,51.07,46.14,60.93,-317.34,-549.45,464.21
2016/01/04,70810,70960,68560,68930,577174,69398,69771,69507.5,72687.84,76490.84,,43.06,45.11,38.95,-357.33,-511.02,307.39
2016/01/05,69200,69610,68500,69510,765810,69690,69609,69453.5,72507.84,76373.41,,46.07,45.43,47.36,-338.32,-476.48,276.32
2016/01/06,69380,69750,68360,68820,773858,69592,69407,69486,72327.84,76242.16,,40.74,43.87,34.48,-374.61,-456.11,163
2016/01/07,69000,69410,67340,67480,911372,69074,69133,69451.5,72131.34,76119.09,,28.45,38.73,7.89,-505.67,-466.02,-79.3
2016/01/08,67460,68550,66510,67920,1222618,68532,68985,69473,71924.34,75980.91,,29.53,35.66,17.26,-567.49,-486.31,-162.35
2016/01/11,67910,68660,66780,67000,986604,68146,68772,69371.5,71701.16,75814.5,,23.35,31.56,6.95,-682.85,-525.62,-314.46
2016/01/12,67280,67630,65820,65950,1033860,67434,68562,69231.5,71481.16,75652.16,,16.41,26.51,-3.78,-849.21,-590.34,-517.74
2016/01/13,66010,66680,65940,66220,814236,66914,68253,69059,71279.5,75490.66,,13.54,22.19,-3.76,-948.33,-661.94,-572.78
2016/01/14,66220,68070,66050,67360,924800,66890,67982,68914.5,71100,75341,,19.01,21.13,14.78,-924.23,-714.4,-419.67
2016/01/15,67370,69350,67260,68190,1061426,66944,67738,68833,70925.5,75177,,32.78,25.01,48.31,-828.62,-737.24,-182.75
2016/01/18,67820,69620,67700,69320,1076330,67408,67777,68774,70747.84,75044.5,,51.54,33.85,86.91,-654.12,-720.62,133
2016/01/19,69310,70300,68720,70130,977974,68244,67839,68724,70606.84,74925.5,,66.43,44.71,109.86,-445.34,-665.56,440.45
2016/01/20,70010,70290,68850,69470,925226,68894,67904,68655.5,70445.5,74809.75,,71.44,53.62,107.08,-329.34,-598.32,537.96
2016/01/21,69450,70000,68910,69250,1032314,69272,68081,68607,70280.34,74698.09,,73.15,60.13,99.19,-252.24,-529.1,553.72
2016/01/22,69350,70780,69260,70160,1091160,69666,68305,68645,70130.84,74593.25,,77.93,66.06,101.67,-116.38,-446.56,660.36
2016/01/25,70770,70930,69130,69360,754402,69674,68541,68656.5,70001,74468.5,,74.8,68.98,86.45,-72.42,-371.73,598.61
2016/01/26,69400,69560,68750,69130,744666,69474,68859,68710.5,69876.66,74356.09,,70.91,69.62,73.48,-55.51,-308.48,505.95
2016/01/27,69350,70590,69350,70520,820568,69684,69289,68771,69779.84,74262.25,,76.88,72.04,86.56,69.26,-232.94,604.39
2016/01/28,70440,70570,69550,69730,683710,69780,69526,68754,69666.84,74173.84,,72.2,72.09,72.42,103.2,-165.71,537.82
2016/01/29,69600,70220,69300,69590,727910,69666,69666,68702,69579.66,74077.91,,61.26,68.48,46.81,117.45,-109.08,453.06
2016/02/01,69420,70200,68500,68950,779094,69584,69629,68703,69479,73975.91,,47.01,61.32,18.38,76.23,-72.02,296.48
2016/02/02,68820,69240,68560,69010,580890,69560,69517,68678,69396,73877.84,,38.34,53.66,7.69,47.84,-48.04,191.77
2016/02/03,69050,69150,67960,68880,640464,69232,69458,68681,69312.5,73779.34,,35.88,47.74,12.18,14.7,-35.5,100.38
2016/02/04,68780,69780,68720,69340,583156,69154,69467,68774,69252.66,73672.16,,39.41,44.96,28.31,25.25,-23.35,97.19
2016/02/05,69360,69750,68500,68740,494356,68984,69325,68815,69176.84,73558.59,,36.16,42.03,24.42,-14.63,-21.6,13.94
2016/02/15,64950,66600,64280,66320,399620,68458,69021,68781,69066.66,73422.16,,34.88,39.65,25.36,-238.77,-65.04,-347.46
2016/02/16,66010,67080,66010,66660,600702,67988,68774,68816.5,68958,73288.59,,35.87,38.39,30.83,-384.52,-128.93,-511.18
2016/02/17,66860,66890,66060,66400,557778,67492,68362,68825.5,68877.34,73156.09,,35.81,37.53,32.37,-515.08,-206.16,-617.83
2016/02/18,66600,67180,66430,66680,459810,66960,68057,68791.5,68806.16,73021.09,,37.39,37.48,37.2,-589.16,-282.76,-612.79
2016/02/19,66790,67350,66600,67120,570678,66636,67810,68738,68762,72904.34,,42.14,39.03,48.34,-605.38,-347.29,-516.19
2016/02/22,67150,69050,67010,68730,740480,67118,67788,68708.5,68761.84,72794.91,,55.06,44.37,76.43,-482.76,-374.38,-216.76
2016/02/23,69060,69560,68510,68700,590896,67526,67757,68637,68823.84,72695.34,,63.49,50.75,88.99,-383.58,-376.22,-14.72
2016/02/24,69100,69120,68140,68550,520200,67956,67724,68591,68883.5,72596.84,,68.35,56.62,91.82,-313.47,-363.67,100.4
2016/02/25,68350,68990,67560,67810,657020,68182,67571,68519,68876.16,72521.91,,67.85,60.36,82.83,-314,-353.74,79.47
2016/02/26,67960,67990,66370,67290,668722,68216,67426,68375.5,68817.66,72469.34,,57.25,59.33,53.11,-352.32,-353.45,2.26
2016/02/29,67500,68300,66550,67020,802790,67874,67496,68258.5,68778.5,72408.16,,47.31,55.32,31.29,-399.87,-362.74,-74.26
2016/03/01,67220,67910,66690,67800,703738,67694,67610,68192,68756.84,72338.5,,46.48,52.38,34.7,-370.34,-364.26,-12.17
2016/03/02,68000,69040,67830,68950,783972,67774,67865,68113.5,68756.5,72258,,57.95,54.23,65.38,-251.25,-341.66,180.81
2016/03/03,69210,69540,68600,69400,688900,68092,68137,68097,68744,72196.25,,70.29,59.59,91.71,-119.18,-297.16,355.96
2016/03/04,69550,72390,69320,71350,1203738,68904,68560,68185,68797.34,72159.09,,74.44,64.54,94.24,141.21,-209.49,701.39
2016/03/07,71340,74450,71200,73310,1495566,70162,69018,68403,68871.16,72132.41,,78.26,69.11,96.55,499.96,-67.6,1135.12
2016/03/08,73860,75840,70060,71670,1825344,70936,69315,68536,68889.16,72088,,70.83,69.68,73.11,644.51,74.82,1139.37
2016/03/09,71900,71980,68680,69280,1182210,71002,69388,68556,68907.66,72030.41,,57.46,65.61,41.16,559.76,171.81,775.89
2016/03/10,69600,70510,68750,68930,1229092,70908,69500,68535.5,68920.34,71956.59,,46.85,59.35,21.83,459.05,229.26,459.59
2016/03/11,69100,69960,68510,69450,816682,70528,69716,68571,68953,71879.41,,41.29,53.33,17.19,416.41,266.69,299.45
2016/03/14,69260,70370,68900,69310,743622,69728,69945,68720.5,68957.66,71795.25,,33.68,46.78,7.48,367.09,286.77,160.63
2016/03/15,69030,69230,67730,68330,750548,69060,69998,68804,68950.66,71712.5,,24.92,39.49,-4.23,246.08,278.63,-65.11
2016/03/16,67880,68350,67570,68100,624272,68824,69913,68889,68924.5,71638.66,,18.75,32.58,-8.91,130.13,248.93,-237.61
2016/03/17,67640,68990,67590,68540,690320,68746,69827,68982,68896,71551.91,,16.41,27.19,-5.15,72.89,213.72,-281.66
2016/03/18,68500,70440,68410,69860,1136578,68828,69678,69119,68896.66,71479.16,,20.17,24.85,10.81,132.52,197.48,-129.92
2016/03/21,69750,70060,67780,68090,840560,68584,69156,69087,68856.5,71397.5,,17.38,22.36,7.41,36.54,165.29,-257.51
2016/03/22,68200,69350,68170,68450,821964,68608,68834,69074.5,68811.84,71317,,21.56,22.09,20.5,-10.37,130.16,-281.06
2016/03/23,68300,69500,68050,68260,674642,68640,68732,69060,68768.84,71243.41,,22.39,22.19,22.78,-62.16,91.7,-307.71
2016/03/24,68360,68610,67600,68130,686116,68558,68652,69076,68734,71171.66,,21.43,21.94,20.41,-112.4,50.88,-326.55
2016/03/25,67980,68640,67850,68470,461376,68280,68554,69135,68718.5,71102.59,,24.74,22.87,28.48,-123.35,16.03,-278.77
2016/03/28,68380,68950,67990,68120,436500,68286,68435,69190,68701.66,71027.75,,22.88,22.87,22.89,-158.45,-18.86,-279.18
2016/03/29,68180,68810,67800,68290,409056,68254,68431,69214.5,68705.66,70951.75,,23.44,23.06,24.2,-170.59,-49.21,-242.75
2016/03/30,68240,68380,66350,66740,643814,67950,68295,69104,68662.84,70878.41,,18.81,21.64,13.13,-301.79,-99.72,-404.13
2016/03/31,66600,67390,66100,66250,551754,67574,68066,68946.5,68599.16,70788,,13.8,19.03,3.34,-440.23,-167.83,-544.82
2016/04/01,66070,66830,66010,66340,472770,67148,67714,68696,68527.66,70695.41,,12.35,16.8,3.45,-536.51,-241.56,-589.89
2016/04/05,66060,66230,65140,65690,255854,66662,67474,68315,68473.66,70580.75,80774.88,12.44,15.35,6.62,-657.67,-324.78,-665.77
2016/04/06,65530,66850,65530,66710,410908,66346,67300,68067,68427,70467.41,80637.4,22.03,17.58,30.94,-663.74,-392.58,-542.33
2016/04/07,66710,67340,66610,67050,340576,66408,67179,67955.5,68397.5,70362.66,80511.88,31.4,22.18,49.82,-633.81,-440.82,-385.98
2016/04/08,67910,67940,66600,67430,265832,66644,67109,67880.5,68396.66,70264,80401.44,40.97,28.44,66.01,-572.82,-467.22,-211.19
2016/04/11,67600,68720,67530,68230,416704,67022,67085,67819.5,68401.84,70163.09,80304.36,55.38,37.42,91.29,-454.7,-464.72,20.04
2016/04/12,68510,69040,68000,69000,498870,67684,67173,67804,68435.16,70068.16,80195.72,69.91,48.25,113.23,-295.54,-430.88,270.69
2016/04/13,69070,71940,68760,70260,1311228,68394,67370,67900.5,68507,69994.09,80087.56,71.7,56.07,102.98,-66.96,-358.1,582.27
2016/04/14,70800,71400,70260,70710,762510,69126,67767,68031,68581.84,69930.66,79984.72,75.11,62.41,100.49,148.79,-256.72,811.02
2016/04/15,70880,71460,70060,70240,745346,69688,68166,68116,68629.84,69864.91,79889.88,75.07,66.63,91.95,278.63,-149.65,856.56
2016/04/18,70330,71470,69530,70840,788530,70210,68616,68165,68674,69799.75,79796.04,77.66,70.31,92.36,425.05,-34.71,919.53
2016/04/19,71300,72170,70040,71010,1046740,70612,69148,68311,68702.16,69725,79701.92,78.17,72.93,88.64,548.48,81.93,933.11
2016/04/20,71340,72830,71060,71880,1317728,70936,69665,68482.5,68731.34,69669.09,79608.52,80.36,75.41,90.27,708.34,207.21,1002.26
2016/04/21,72300,74400,71720,73850,1506998,71564,70345,68762,68804.34,69624.91,79531.52,84.24,78.35,96.02,982.66,362.3,1240.72
2016/04/22,75010,75110,70470,71810,1459122,71878,70783,68946,68847,69563.66,79439.84,74.02,76.91,68.25,1023.65,494.57,1058.15
2016/04/25,72000,73720,70820,72050,1250414,72120,71165,69125,68878.5,69504.66,79346.44,66.62,73.48,52.9,1063.24,608.31,909.87
2016/04/26,71910,72220,70670,71350,822540,72188,71400,69286.5,68911.66,69456.34,79248.44,55.28,67.41,31.03,1026.3,691.91,668.8
2016/04/27,71500,72450,71260,71910,823176,72194,71565,69467.5,68958,69417.34,79154.44,51.07,61.97,29.29,1030.34,759.59,541.5
2016/04/28,72100,72710,71370,72170,1041496,71858,71711,69739,68985.5,69382.66,79059.6,49.82,57.92,33.62,1042.51,816.18,452.66
2016/04/29,72140,73400,71910,73340,954570,72164,72021,70093.5,69045.66,69356.25,78967.64,54.91,56.91,50.9,1133.49,879.64,507.71
2016/05/03,73290,76200,72700,75940,862968,72942,72531,70573.5,69151.5,69365.59,78887.96,68.43,60.75,83.78,1399.27,983.56,831.4
2016/05/04,75690,76390,73720,74360,1429034,73544,72866,71007,69241.66,69360.34,78794.08,67.52,63.01,76.55,1465.5,1079.95,771.1
2016/05/05,74540,74930,73120,73420,970200,73846,73020,71342.5,69315.16,69355.59,78681.8,61.62,62.55,59.78,1425.71,1149.1,553.21
2016/05/06,73460,73590,69900,70700,1412010,73552,72705,71525,69345.5,69329,78554,45.19,56.76,22.05,1161.31,1151.55,19.53
2016/05/09,70790,72080,68920,69030,1291174,72690,72427,71605,69340.34,69296.5,78426.04,30.62,48.05,-4.24,807.7,1082.78,-550.15
2016/05/10,68920,69480,68150,69210,946058,71344,72143,71654,69348.16,69262.5,78278.84,24.7,40.27,-6.43,535.81,973.38,-875.14
2016/05/11,69050,69700,69010,69400,773980,70352,71948,71674,69399.5,69233.09,78126.12,21.52,34.02,-3.47,331.84,845.08,-1026.46
2016/05/12,69710,70610,69120,70130,962488,69694,71770,71667.5,69457.34,69207.66,77974.8,22.36,30.13,6.81,226.5,721.36,-989.72
2016/05/13,70000,70360,67750,68250,1122286,69204,71378,71544.5,69488.16,69182.75,77794.28,16.83,25.7,-0.89,-8.59,575.37,-1167.91
2016/05/16,68080,69130,67900,68850,677276,69168,70929,71475,69524.34,69165.25,77619.68,15.47,22.29,1.82,-144.81,431.33,-1152.29
2016/05/17,68880,69640,68660,69410,688620,69208,70276,71403.5,69562.5,69162.25,77448.12,18.02,20.87,12.32,-205.22,304.02,-1018.49
2016/05/18,69090,69880,68430,68600,806500,69048,69700,71283,69560.34,69161.09,77267,16.86,19.53,11.53,-314.83,180.25,-990.16
2016/05/19,68580,69180,68200,68430,609878,68708,69201,71110.5,69555.84,69189.84,77094.32,16.48,18.51,12.41,-410.67,62.07,-945.48
2016/05/20,68190,68830,67770,68520,559474,68762,68983,70844,69555.34,69219.41,76921.4,19.96,19,21.89,-473.91,-45.13,-857.56
2016/05/23,68530,68780,66720,67180,828052,68428,68798,70612.5,69544.84,69210.5,76752.52,17.25,18.41,14.92,-624.94,-161.09,-927.7
2016/05/24,66890,67420,66430,67020,553818,67950,68579,70361,69540.34,69179,76579.76,16.2,17.68,13.26,-748.91,-278.65,-940.52
2016/05/25,67190,67820,66730,66820,633888,67594,68321,70134.5,69537,69157.75,76412.6,14.11,16.49,9.36,-853.47,-393.62,-919.7
2016/05/26,67080,67710,66830,67230,668844,67354,68031,69900.5,69527.5,69142.16,76255.8,17.14,16.7,18,-892.95,-493.48,-798.93
2016/05/27,67280,67800,66350,67390,824508,67128,67945,69661.5,69501.5,69129,76116,21.24,18.22,27.3,-900.94,-574.97,-651.93
2016/05/30,67390,67680,66750,67360,544958,67164,67796,69362.5,69467.5,69105.75,75981.16,23.7,20.05,31.01,-899.33,-639.84,-518.97
2016/05/31,67400,68390,67200,68090,653542,67378,67664,68970,69413.16,69105.25,75853.24,36.3,25.46,57.96,-829.59,-677.79,-303.59
2016/06/01,68160,68280,66950,67150,524336,67444,67519,68609.5,69310.5,69090.84,75723.92,34.95,28.62,47.6,-840.47,-710.33,-260.28
2016/06/02,66990,68000,66750,67430,507290,67484,67419,68310,69239.84,69064.5,75593.6,38.11,31.79,50.77,-817.09,-731.68,-170.81
2016/06/03,67320,67850,67310,67550,480244,67516,67322,68152.5,69211,69059.34,75461.12,45.02,36.2,62.66,-779.88,-741.32,-77.13
2016/06/06,68100,69260,67660,68990,615780,67842,67503,68150.5,69212,69066.16,75339.2,60.25,44.22,92.32,-626.97,-718.45,182.96
2016/06/07,69120,69500,68480,68780,443264,67980,67679,68129,69200.84,69076.91,75227.08,65.88,51.44,94.77,-516.78,-678.12,322.67
2016/06/08,68500,69300,68320,68890,408292,68328,67886,68103.5,69193.84,69075.75,75101.52,70.8,57.89,96.62,-415.79,-625.65,419.72
2016/06/13,69600,70870,69510,70300,350280,68902,68193,68112,69226.66,69088.66,74986.48,75.92,63.9,99.96,-219.45,-544.41,649.93
2016/06/14,70430,70700,70000,70420,389368,69476,68496,68220.5,69265.34,69094.91,74874.04,80.31,69.37,102.18,-53.54,-446.24,785.39
2016/06/15,70220,71300,70090,71240,568748,69926,68884,68340,69310.34,69103.16,74765.44,86.43,75.06,109.18,142.47,-328.49,941.93
2016/06/16,71880,71980,70170,70420,497828,70254,69117,68390.5,69319.66,69108.16,74644.84,81.01,77.04,88.95,229,-217,891.99
2016/06/17,70250,71450,69900,71450,486166,70766,69547,68533,69375.66,69116.09,74527,83.56,79.21,92.25,376.35,-98.33,949.36
2016/06/20,71600,72870,71090,72520,617698,71210,70056,68737.5,69443.5,69127.66,74411.76,86.8,81.74,96.91,572.86,35.91,1073.9
2016/06/21,72800,73400,72000,72390,494708,71604,70540,68931,69512.34,69140.59,74295.32,84.57,82.69,88.35,709.92,170.71,1078.42
2016/06/22,72450,72880,71570,72760,478340,71908,70917,69210,69589.5,69161.75,74194.08,85.52,83.63,89.29,838.73,304.32,1068.83
2016/06/23,72750,72980,71680,72050,428734,72234,71244,69461.5,69649.16,69183.84,74091.96,78.78,82.01,72.3,873.46,418.15,910.63
2016/06/24,72180,72500,70010,70470,673326,72038,71402,69644,69688.34,69195,73991.04,57.95,73.99,25.86,764.67,487.45,554.44
2016/06/27,70610,71850,70520,71650,535002,71864,71537,69865,69744.34,69225,73896.52,55.3,67.76,30.37,764.86,542.93,443.85
2016/06/28,71580,72860,71030,72580,526784,71902,71753,70124.5,69841.66,69252.25,73801.64,62.39,65.97,55.23,830.48,600.44,460.07
2016/06/29,72730,73950,72650,73450,710344,72040,71974,70429,69961.66,69280.41,73717,70.81,67.58,77.27,941.82,668.72,546.21
2016/06/30,73600,75350,73380,74890,733846,72608,72421,70769,70104.16,69315.91,73636.36,77.67,70.94,91.12,1133.2,761.61,743.16
2016/07/01,74730,75980,73600,75560,845836,73626,72832,71189.5,70268.66,69371.16,73553.04,82.77,74.89,98.53,1323.66,874.02,899.28
2016/07/04,75700,79240,75500,79240,1016926,75144,73504,71780,70477.5,69452.25,73490.6,88.51,79.43,106.68,1751.38,1049.49,1403.76
2016/07/05,80950,83490,77200,80600,1844850,76748,74325,72432.5,70703.34,69550.41,73437.6,85.19,81.35,92.88,2175.01,1274.6,1800.82
2016/07/06,80660,82140,75970,78060,2027096,77670,74855,72886,70880.5,69638.59,73388.4,76.7,79.8,70.51,2279.5,1475.58,1607.85
2016/07/07,77410,80900,76680,77270,1631036,78146,75377,73310.5,71031.16,69716.5,73348.16,68.48,76.03,53.39,2272.38,1634.94,1274.88
2016/07/08,77480,78400,75120,76840,1333552,78402,76014,73708,71161.84,69798.5,73302.08,61.2,71.08,41.43,2206.59,1749.27,914.65
2016/07/11,77510,79880,76900,79300,1193678,78414,76779,74158,71312.5,69909.75,73261.48,61.25,67.81,48.13,2326.15,1864.64,923.01
2016/07/12,79450,81400,78820,81160,1095460,78526,77637,74695,71486.66,70034.25,73229.16,66.48,67.36,64.72,2541.69,2000.05,1083.27
2016/07/13,81400,83570,79900,80430,1638146,79000,78335,75154.5,71656.5,70143.16,73208.76,67.16,67.3,66.88,2623.36,2124.71,997.29
2016/07/14,80800,82000,79700,81770,1085930,79900,79023,75722,71838.66,70256.34,73198.96,71,68.53,75.95,2764.34,2252.64,1023.39
2016/07/15,81590,82180,80100,81200,977862,80772,79587,76209.5,72008.5,70355.34,73197.24,71.32,69.46,75.04,2797.82,2361.68,872.29
2016/07/18,81610,82000,79530,80840,1178810,81080,79747,76625.5,72157.84,70444.59,73186.2,70.11,69.68,70.98,2763.45,2442.03,642.84
2016/07/19,81000,83750,80340,81880,1637088,81224,79875,77100,72291.66,70548,73175.44,72.85,70.74,77.08,2788,2511.22,553.55
2016/07/20,81750,82360,80680,81550,1102102,81448,80224,77539.5,72454,70650.5,73172.64,73.4,71.62,76.96,2749.13,2558.81,380.65
2016/07/21,81080,82780,80510,82250,1038416,81544,80722,78049.5,72624,70751.25,73163.64,74.97,72.74,79.43,2743.19,2595.68,295.01
2016/07/22,82880,84080,81150,81220,1274224,81548,81160,78587,72788.5,70850.09,73140.64,65.19,70.22,55.12,2625.11,2601.57,47.08
2016/07/25,81600,81890,79770,80520,1000232,81484,81282,79030.5,72932,70945,73121,50.71,63.72,24.7,2446.84,2570.62,-247.56
2016/07/26,80700,80880,78650,79390,860320,80986,81105,79371,73052.34,71018.91,73096.16,38.35,55.26,4.53,2189.15,2494.33,-610.36
2016/07/27,79310,80690,79120,79650,768382,80606,81027,79681,73157.5,71101.59,73073.48,31.71,47.41,0.3,1983.04,2392.07,-818.06
2016/07/28,79920,81500,79580,81390,784462,80434,80989,80006,73248.34,71199.91,73047.56,37.96,44.26,25.35,1937.77,2301.21,-726.89
2016/07/29,81500,82000,80280,80330,716288,80256,80902,80244.5,73347.84,71294.75,73028,35.62,41.38,24.1,1795.66,2200.1,-808.89
2016/08/01,82100,84090,81410,83930,349706,80938,81211,80479,73523,71419.09,73026.08,56.1,46.29,75.72,1951.03,2150.29,-398.51
2016/08/02,83760,85200,83210,85180,477874,82096,81541,80708,73764.34,71554.91,73033.36,70.63,54.4,103.09,2150.24,2150.28,-0.07
2016/08/03,85290,85700,83450,83880,698722,82942,81774,80999,74011.84,71676.09,73038.28,71.82,60.21,95.03,2178.12,2155.84,44.54
2016/08/04,84010,84500,81590,82100,796350,83084,81759,81240.5,74226.66,71787.41,73035.72,64.19,61.53,69.5,2033.13,2131.3,-196.34
2016/08/05,81600,83200,81590,82970,692210,83612,81934,81547,74452.84,71926.16,73030.28,63.22,62.09,65.46,1965.77,2098.2,-264.85
2016/08/08,82700,84890,82110,84430,773628,83712,82325,81803.5,74691.16,72074.25,73037.52,69.05,64.41,78.31,2007.06,2079.97,-145.81
2016/08/09,84400,84790,83300,83790,709644,83434,82765,81935,74950.16,72219.16,73045.56,68.96,65.93,75.03,1965.49,2057.07,-183.16
2016/08/10,83450,84700,83100,84190,747168,83496,83219,82123,75205.84,72365.09,73060.96,70.02,67.29,75.48,1942.43,2034.15,-183.43
2016/08/11,84500,85250,83090,83330,971948,83742,83413,82201,75437.84,72500.16,73069.88,61.6,65.39,54.01,1833.63,1994.04,-320.83
2016/08/12,83300,83900,82600,83100,749318,83768,83690,82296,75679.5,72619.91,73077.52,53.31,61.37,37.2,1709.13,1937.06,-455.85
2016/08/15,82080,82500,80520,80850,983504,83052,83382,82296.5,75886.5,72721.16,73077.8,37.67,53.47,6.06,1412.63,1832.17,-839.08
2016/08/16,81310,82050,81120,81490,611550,82592,83013,82277,76102.66,72829,73080.96,31.95,46.29,3.25,1215.29,1708.8,-987.02
2016/08/17,81380,81700,80660,81170,684610,81988,82742,82258,76335.84,72940.34,73076.84,25.88,39.49,-1.34,1021.3,1571.3,-1100
2016/08/18,81050,81770,80260,81440,733912,81610,82676,82217.5,76576.16,73058.25,73073.12,25.13,34.7,6,879.21,1432.88,-1107.34
2016/08/19,81530,81740,80900,81540,498222,81298,82533,82233.5,76821.5,73179.25,73068.52,25.31,31.57,12.78,765.84,1299.47,-1067.26
2016/08/22,81400,82140,80500,80590,602994,81246,82149,82237,77044.16,73285.84,73060.12,19.08,27.41,2.41,592.52,1158.08,-1131.13
2016/08/23,80520,81480,80360,81110,412270,81170,81881,82323,77272.84,73387.16,73055.36,18.4,24.4,6.38,491.44,1024.75,-1066.63
2016/08/24,81270,81580,80670,80980,425210,81132,81560,82389.5,77499.84,73483.66,73047.76,18.86,22.55,11.46,396.28,899.06,-1005.55
2016/08/25,81120,81320,77550,78450,1062506,80534,81072,82242.5,77672.5,73542.84,73037.04,18.63,21.25,13.4,115.39,742.32,-1253.87
2016/08/26,77900,78790,77850,78310,466932,79888,80593,82141.5,77858.5,73584.5,73022.84,17.94,20.14,13.53,-117.16,570.43,-1375.18
2016/08/29,78310,79280,77990,78570,604124,79484,80365,81873.5,78044.16,73642,73014.52,19.37,19.89,18.33,-277.29,400.88,-1356.35
2016/08/30,78610,78970,78000,78150,356702,78892,80031,81522,78220.84,73715.91,73005.64,17.27,19.01,13.78,-433.09,234.09,-1334.35
2016/08/31,77980,78710,77890,78060,434898,78308,79720,81231,78372,73792,73010.68,15.22,17.75,10.15,-557.4,75.79,-1266.38
2016/09/01,78000,79200,77980,78810,531406,78380,79457,81066.5,78539.16,73870,73031.52,19.29,18.26,21.36,-588.61,-57.09,-1063.04
2016/09/02,78530,80480,78380,79820,731232,78682,79285,80909,78721.34,73957.59,73053.36,31.64,22.72,49.47,-525.79,-150.83,-749.92
2016/09/05,80020,80840,80020,80230,565786,79014,79249,80699,78886.84,74056.75,73069.64,43.26,29.57,70.64,-437.87,-208.24,-459.26
2016/09/06,80370,81120,79500,81040,553620,79592,79242,80561.5,79063.84,74164.59,73079.36,59.7,39.61,99.87,-299.38,-226.47,-145.83
2016/09/07,80910,81300,80360,80920,533470,80164,79236,80398,79225.16,74267.75,73095.8,69.46,49.56,109.26,-197.05,-220.58,47.07
2016/09/08,81150,81420,80580,80980,447436,80598,79489,80280.5,79401.16,74360.41,73116.48,75.49,58.2,110.05,-109.84,-198.43,177.19
2016/09/09,81400,81550,80850,81320,426516,80898,79790,80191.5,79565.66,74470.66,73135.72,81.56,65.99,112.71,-13.13,-161.37,296.48
2016/09/12,81400,81460,78500,78710,619392,80594,79804,80084.5,79668.84,74556.16,73142.56,61.84,64.61,56.31,-145.42,-158.18,25.52
2016/09/13,78820,79750,78680,79310,416320,80248,79920,79975.5,79784.16,74648.25,73155.04,53.65,60.95,39.03,-199.55,-166.46,-66.18
2016/09/14,79190,79500,78020,78280,486080,79720,79942,79831,79876.16,74732.84,73157,38.22,53.38,7.91,-321.84,-197.53,-248.62
2016/09/19,77990,79360,77960,78960,256726,79316,79957,79707,79991.34,74820.25,73158,34.76,47.17,9.95,-359.75,-229.98,-259.55
2016/09/20,79100,80700,79030,80610,541658,79174,80036,79660.5,80160.34,74924.34,73162.8,47.78,47.38,48.6,-253.73,-234.73,-38
2016/09/21,80690,80980,80110,80510,398448,79534,80064,79656.5,80308,75026.16,73171.8,55.53,50.09,66.41,-175.73,-222.93,94.39
2016/09/22,80850,82560,80520,81700,652968,80012,80130,79686,80460,75150.84,73190.76,64.12,54.77,82.83,-17.71,-181.88,328.35
2016/09/23,82260,82650,81800,82620,446672,80880,80300,79768,80612.84,75287.25,73205.44,75.87,61.8,104,179.7,-109.57,578.53
2016/09/26,82660,82850,81400,81480,541690,81384,80350,79919.5,80722.66,75413.41,73217,74.57,66.06,91.6,241.38,-39.38,561.51
2016/09/27,81550,82730,80200,82700,713616,81802,80488,80139,80841.66,75555.16,73236.24,82.03,71.38,103.32,384.27,45.35,677.83
2016/09/28,82880,82980,81510,82090,725532,82118,80826,80315,80889.16,75683.34,73252.16,82.11,74.96,96.41,443.17,124.91,636.52
2016/09/29,81920,83610,81570,81860,683474,82150,81081,80500.5,80910.16,75806.75,73271.24,77.75,75.89,81.47,465.93,193.12,545.63
2016/09/30,81800,81990,80430,81380,525812,81902,81391,80666.5,80965.5,75923,73289.8,68.94,73.57,59.67,440.16,242.52,395.26
2016/10/10,80720,81860,80200,81660,284498,81938,81661,80809,81038.66,76034.91,73309.4,60.72,69.29,43.58,437.28,281.48,311.61
2016/10/11,81470,82970,81470,82840,560184,81966,81884,80960,81138.66,76150.25,73332.36,66.29,68.29,62.28,524.18,330.02,388.33
2016/10/12,82490,83140,81890,82350,513218,82018,82068,81066,81189.5,76251,73352.12,65.21,67.26,61.1,547.2,373.45,347.5
2016/10/13,82760,83050,80900,81340,626050,81914,82032,81081,81192.5,76339.59,73375.32,54.61,63.04,37.76,478.44,394.45,167.97
2016/10/14,81090,82240,80720,81590,502782,81956,81929,81114.5,81211.84,76434.16,73393.28,50,58.7,32.6,439.05,403.37,71.37
2016/10/17,81700,82540,81420,81820,653362,81988,81963,81156.5,81212.66,76525.66,73410.76,49.17,55.52,36.46,421.54,407.01,29.07
2016/10/18,81950,82010,80850,81680,443098,81756,81861,81174.5,81220.66,76614.59,73419.68,47.25,52.76,36.21,391.84,403.97,-24.26
2016/10/19,81700,82350,80410,80700,637110,81426,81722,81274,81218.34,76688.09,73421.24,37.17,47.56,16.37,285.94,380.37,-188.86
2016/10/20,80650,81290,79780,80750,509984,81308,81611,81346,81199.5,76745.59,73425.76,34.4,43.18,16.85,203.7,345.03,-282.67
2016/10/21,80400,80620,79360,79410,515654,80872,81414,81402.5,81163.84,76808.91,73426.32,23.37,36.58,-3.03,30.04,282.03,-503.99
2016/10/24,79280,80700,79080,80410,463548,80590,81289,81475,81133.16,76878.59,73426.6,26.5,33.22,13.07,-26.59,220.31,-493.79
2016/10/25,80200,81960,80200,81470,583810,80548,81152,81518,81137.34,76962.91,73430.92,37.74,34.72,43.76,13.91,179.03,-330.23
2016/10/26,81700,82300,80590,81050,539952,80618,81022,81545,81146.16,77039.09,73438.52,44.14,37.86,56.69,11.98,145.62,-267.29
2016/10/27,80950,81900,80450,80980,507290,80664,80986,81509,81172.66,77112.5,73449.16,47.73,41.15,60.88,4.74,117.44,-225.4
2016/10/28,81600,82690,81400,82570,616094,81296,81084,81506.5,81221.34,77189.41,73466.92,64.04,48.78,94.57,125.86,119.13,13.46
2016/10/31,82650,84030,82100,83950,618874,82004,81297,81630,81264,77256.16,73488.08,75.49,57.68,111.1,329.4,161.18,336.43
2016/11/01,83910,84340,82900,83560,581778,82422,81485,81673,81317.84,77332.84,73502.4,78.72,64.7,106.76,454.01,219.75,468.52
2016/11/02,83410,84460,81800,82310,676190,82674,81646,81684,81290.84,77406.91,73517.28,72.49,67.29,82.88,446.75,265.15,363.21
2016/11/03,82700,83470,82200,83280,375696,83134,81899,81755,81259.16,77511.75,73533.8,74.35,69.65,83.76,513.34,314.79,397.11
2016/11/04,83500,84100,82800,82920,543200,83204,82250,81832,81243.16,77627.5,73548.84,70.85,70.05,72.45,530.95,358.02,345.87
2016/11/07,82980,88430,82650,87830,1057918,83980,82992,82140.5,81338.66,77782.66,73583.64,78.06,72.72,88.74,930.38,472.49,915.78
2016/11/08,87930,90860,87050,89890,1097124,85246,83834,82493,81454,77953.41,73634.6,82.27,75.9,95,1397.05,657.4,1479.3
2016/11/09,89450,91670,88550,90840,1119850,86952,84813,82917.5,81560.84,78126,73691.6,85.48,79.1,98.26,1822.54,890.43,1864.21
2016/11/10,92000,95600,91500,95600,1038744,89416,86275,83630.5,81757.66,78353.91,73768.68,90.32,82.84,105.29,2514.84,1215.31,2599.05
2016/11/11,95800,97230,93000,96140,1102576,92060,87632,84358,81956.84,78581.34,73847.2,91.19,85.62,102.34,3071.66,1586.58,2970.15
2016/11/14,96100,99800,89040,91680,1518068,92830,88405,84851,82096,78766.91,73914.64,79.09,83.45,70.38,3117.12,1892.69,2448.86
2016/11/15,91340,94170,89490,90680,870318,92988,89117,85301,82222.34,78950.91,73977.4,68.79,78.56,49.25,3037.45,2121.64,1831.61
2016/11/16,90890,92800,90600,92530,683878,93326,90139,85892.5,82417,79151.75,74051.56,65.06,74.06,47.06,3087.99,2314.91,1546.16
2016/11/17,91830,92250,90870,91240,582126,92454,90935,86417,82579.5,79341.09,74120.96,60.07,69.4,41.42,2989.49,2449.83,1079.33
2016/11/18,91490,91850,89800,90720,497672,91370,91715,86982.5,82738.66,79537.25,74192.12,49.64,62.81,23.3,2836.77,2527.22,619.11
2016/11/21,90720,91800,88010,91330,650826,91300,92065,87528.5,82903.5,79739.84,74264.28,42.48,56.04,15.37,2733.45,2568.46,329.98
2016/11/22,91600,94480,90770,93340,656142,91832,92410,88122,83100.16,79960.84,74345.92,43.39,51.82,26.53,2781.7,2611.11,341.17
2016/11/23,93110,93370,92020,92970,395870,91920,92623,88718,83306.5,80175.34,74425.08,42.95,48.86,31.12,2758.27,2640.54,235.46
2016/11/24,92780,96660,92350,94550,824562,92582,92518,89396.5,83530.5,80401.66,74518.32,47.12,48.28,44.8,2834.53,2679.34,310.38
2016/11/25,96340,97860,95250,96700,279996,93778,92574,90103,83792.5,80646.16,74621.32,60.82,52.46,77.54,3033.48,2750.17,566.63
2016/11/28,96550,99300,95600,99220,321352,95356,93328,90866.5,84138.66,80905.59,74739.12,73.65,59.52,101.89,3355.82,2871.3,969.04
2016/11/29,98500,99130,94100,94520,438106,95592,93712,91414.5,84408.84,81133.66,74842.24,68.32,62.46,80.04,3195.19,2936.08,518.22
2016/11/30,95010,95110,90150,91300,488862,95258,93589,91864,84621,81332.59,74947.52,55.26,60.06,45.66,2776.05,2904.07,-256.04
2016/12/01,91890,94100,91530,92980,489010,94944,93763,92349,84868.16,81544.5,75059.56,51.51,57.21,40.12,2550.05,2833.27,-566.43
2016/12/02,92960,93450,91500,92430,410014,94090,93934,92824.5,85107.66,81739.84,75156.28,42.65,52.36,23.23,2300.05,2726.63,-853.14
2016/12/05,92500,96170,92160,95440,755494,93334,94345,93205,85384.84,81962,75254.84,47.7,50.8,41.5,2318.09,2644.92,-653.66
2016/12/06,96200,96800,94620,95300,482512,93490,94541,93475.5,85642.84,82182.09,75358.56,50.56,50.72,50.24,2294.63,2574.86,-560.46
2016/12/07,95350,97170,94820,96790,605210,94588,94923,93773,85918.84,82402.84,75469.32,57.9,53.12,67.46,2368.97,2533.68,-329.43
2016/12/08,96660,97280,94360,95110,578928,95014,94979,93748.5,86153.34,82608.59,75573.88,56.67,54.3,61.4,2266.2,2480.19,-427.98
2016/12/09,95350,95700,92870,95150,578832,95558,94824,93699,86390.5,82807.84,75673.88,56.34,54.98,59.06,2163.04,2416.76,-507.43
2016/12/12,95150,97800,94260,94460,740996,95361.6,94347.8,93837.9,86615.13,83008.15,75779.11,56.34,55.43,58.15,2002.52,2333.91,-662.77
2016/12/13,94650,96060,94230,95960,456780,95493.6,94491.8,94101.9,86859.13,83212.4,75887.43,61.16,57.34,68.79,1973.6,2261.85,-576.49
2016/12/14,96230,96750,93500,96260,801636,95388.4,94988.2,94288.6,87151.7,83410.27,75990.13,65.96,60.21,77.44,1952.38,2199.95,-495.14
2016/12/15,96390,97200,94620,96130,763680,95592,95303,94533,87432,83608.09,76101.96,67.43,62.62,77.06,1903.14,2140.59,-474.9
2016/12/16,95200,96560,94720,95280,551742,95618,95588,94761,87715.34,83795.75,76210.4,61.25,62.16,59.43,1775.06,2067.49,-584.85
2016/12/19,94500,95420,93350,93390,525428,95404.8,95383.2,94864.1,87955.87,83973.6,76314.01,44.35,56.23,20.6,1503.73,1954.73,-902.02
2016/12/20,93000,93120,90830,92510,601532,94714.4,95104,94822.5,88154.16,84157.25,76407.92,37.6,50.02,12.77,1203.8,1804.55,-1201.49
2016/12/21,92510,93400,92150,92660,381176,93993.6,94691,94807,88356.66,84332.34,76503.56,33.82,44.62,12.22,967.07,1637.05,-1339.96
2016/12/22,92490,92790,89750,90120,493564,92792,94192,94585.5,88497,84478.5,76585.36,24.08,37.77,-3.31,567.95,1423.23,-1710.56
2016/12/23,89800,91360,89620,90150,459026,91766.4,93692.2,94258.1,88622.53,84617.68,76664.97,18.38,31.31,-7.47,251.17,1188.82,-1875.3
2016/12/26,89940,90420,84190,84190,922890,89925.6,92665.2,93506.5,88667.66,84695.16,76722.44,12.26,24.96,-13.15,-475.33,855.99,-2662.64
2016/12/27,84320,85850,83860,85550,485794,88533.6,91624,93057.9,88715.13,84778.4,76782.63,12.39,20.77,-4.36,-930.62,498.67,-2858.57
2016/12/28,85500,87350,85250,85820,564542,87166.4,90580,92784.1,88777.37,84833.27,76841.41,13.41,18.32,3.59,-1255.18,147.9,-2806.16
2016/12/29,85850,86530,84820,86350,467428,86412,89602,92452.5,88852.16,84881.16,76903.44,16.12,17.58,13.19,-1452.88,-172.26,-2561.25
2016/12/30,85850,86350,84920,85560,394134,85493.6,88630,92109,88921.84,84943.66,76964.8,16.68,17.28,15.49,-1654.23,-468.65,-2371.16
2017/01/03,85560,87050,85500,86010,269450,85858.4,87892,91637.6,88994.37,85016.52,77031.25,18.64,17.73,20.44,-1757.24,-726.37,-2061.74
2017/01/04,86250,86460,83450,85130,533246,85774.4,87154,91129,89032.5,85085.59,77095.24,18.42,17.96,19.33,-1888.13,-958.72,-1858.81
2017/01/05,84710,86090,84650,85250,418844,85659.2,86412.8,90551.9,89080.8,85135.15,77164.03,19.86,18.6,22.4,-1959.58,-1158.89,-1601.37
2017/01/06,85300,85840,84510,84810,354012,85352,85882,90037,89138.66,85165.59,77226.04,19.75,18.98,21.28,-2028.33,-1332.78,-1391.1
2017/01/09,85050,86630,84960,86370,355704,85514.4,85504,89598.1,89218.37,85215.1,77291.25,38.12,25.36,63.64,-1934.63,-1453.15,-962.96
2017/01/10,86180,87850,85940,87130,458082,85737.6,85798,89231.6,89306.84,85259.75,77357.24,53.29,34.67,90.54,-1778.55,-1518.23,-520.63
2017/01/11,87560,88360,87230,87750,412296,86262.4,86018.4,88821.2,89408.03,85314.35,77432.53,64.72,44.69,104.79,-1586.53,-1531.89,-109.28
2017/01/12,87310,88160,85150,85800,532698,86372.8,86016,88298,89493.03,85355.68,77497.69,59.1,49.49,78.32,-1573.57,-1540.23,-66.69
2017/01/13,83590,86280,83550,85510,639938,86512,85932,87767,89572.34,85385.91,77564.44,53.39,50.79,58.58,-1568.62,-1545.9,-45.43
2017/01/16,85150,87640,85110,86480,563058,86533.6,86024,87327,89690.16,85427,77640.44,56.16,52.58,63.32,-1469.48,-1530.62,122.28
2017/01/17,86370,87190,84050,85220,507158,86152,85944.8,86918.4,89770.34,85451.75,77709.64,49.01,51.39,44.26,-1475.57,-1519.61,88.08
2017/01/18,85400,86190,84550,85090,406068,85619.2,85940.8,86547.4,89830.63,85483.98,77781.99,43.35,48.71,32.62,-1473.91,-1510.47,73.12
2017/01/19,85220,85470,84600,84920,312126,85443.2,85908,86160.4,89895.13,85520.65,77857.88,38.39,45.27,24.64,-1469.37,-1502.25,65.76
2017/01/20,84500,84860,81750,81780,720128,84698.4,85605.2,85743.6,89908.53,85540.6,77920.13,25.75,38.76,-0.29,-1699.55,-1541.71,-315.68
2017/01/23,82000,83370,81800,82750,462766,83952,85242.8,85373.4,89911.5,85566.41,77981.68,22.21,33.24,0.13,-1783.14,-1589.99,-386.29
2017/01/24,82420,82980,81860,82430,426562,83393.6,84772.8,85285.4,89886.13,85575.07,78038.63,18.34,28.28,-1.53,-1853.84,-1642.76,-422.15
2017/01/25,82650,82800,81410,81630,406886,82702.4,84160.8,85089.6,89854,85585.91,78087.88,13.4,23.32,-6.43,-1951.91,-1704.59,-494.64
2017/01/26,81220,83170,81210,82540,419980,82226.4,83834.8,84925.4,89857.84,85574.34,78137.52,15.83,20.82,5.85,-1933.92,-1750.46,-366.93
2017/02/03,85800,85880,83570,84690,352866,82808,83753.2,84842.6,89881.37,85570.27,78198.41,29.95,23.87,42.12,-1726.28,-1745.62,38.68
2017/02/06,84910,86480,84840,86160,502648,83490.4,83721.2,84872.6,89935.37,85589.27,78266.05,51.28,33,87.83,-1426.66,-1681.83,510.35
2017/02/07,86300,86730,85700,86120,314440,84228.8,83811.2,84878,89906.87,85622.77,78329.89,63.83,43.28,104.94,-1178.84,-1581.23,804.78
2017/02/08,86320,87110,85750,86810,356268,85264,83983.2,84962,89855.5,85654.75,78399.68,74.19,53.59,115.41,-916.21,-1448.23,1064.03
2017/02/09,87050,87330,86420,86550,287732,86066.4,84146.4,85027.2,89784.03,85672.43,78469.37,78.55,61.91,111.83,-720.74,-1302.73,1163.98
2017/02/10,86850,86980,85770,86750,389706,86477.6,84642.8,85124,89636.5,85697.09,78534.28,82.54,68.78,110.05,-543.43,-1150.87,1214.88
2017/02/13,86980,89530,86930,89120,548972,87069.6,85280,85261.4,89519.5,85738.16,78611.84,86.72,74.76,110.63,-209.26,-962.55,1506.58
2017/02/14,89380,90260,88750,90260,411744,87897.6,86063.2,85418,89495.84,85795.91,78694.52,91.14,80.22,112.99,145.88,-740.86,1773.49
2017/02/15,90480,90790,88460,89810,584512,88497.6,86880.8,85520.8,89481.3,85851.82,78777.95,89.57,83.34,102.04,386.56,-515.38,1803.88
2017/02/16,89760,92000,88810,90400,611674,89267.2,87666.8,85750.8,89445.8,85931.4,78863.52,85.6,84.09,88.61,617.8,-288.74,1813.08
2017/02/17,90500,91710,89670,90690,556330,90056,88266.8,86010,89436.66,86008.09,78950.76,83.47,83.88,82.64,815.05,-67.98,1766.08
2017/02/20,90890,91400,90050,91370,236810,90506.4,88788,86254.6,89447.53,86093.1,79038.89,85.62,84.46,87.93,1014.55,148.52,1732.06
